8:0:00000000 00000000 00000000 00000000 00000000 00000000 00000000 00000000:0:3
8:4:00000100 00000100 00000100 00000100 00000100 00000100 00000100 00000200:60:2
10:7:0000000000 0000000000 0000000000 0001001000 0020000000 0000000000 0000000000 0000000000 0000000000 0000000000:20:2
10:1:0000000000 0000000000 0000000000 0000002000 0000000000 0000000000 0000000000 0000000000 0000000000 0000000000:0:2
10:5:0000000000 0000000000 0000000000 0000000000 0000000000 0000000000 0000000000 0000000000 0000000000 0000000000:0:3
10:2:0000000000 0000000000 0000000000 0000000000 0000000000 0000000000 0000000000 0000000000 0000000000 0000000000:0:3
10:4:0000000000 0000000000 0000000000 0000000000 0000000000 0000000000 0000000000 0000000000 0000000000 0000000000:0:3
10:0:0000000000 0000000000 0000000000 0000000000 0000000000 0000000000 0000000000 0000000000 0000000000 0000000000:0:3
6:3:000000 001000 000000 000000 002000 000000:0:2
20:0:00000000000000000000 00000000000000000000 00000000000000000000 00000002000000000000 00000000000000000000 00000000000000000000 00000000000000000000 00000000000000000000 00000000000000000000 00000000000000000000 00000000000000000000 00000200000000000000 00000000000000000000 00000000000000000000 00000000000000000000 00000000000000000000 00000000000000000000 00000000000000000000 00000000000000000000 00000000000000000000:0:1
6:0:110034 000000 000000 000000 000000 000000:20:2
